Date,Open,High,Low,Close,Volume,Dividends,Stock Splits
2024-08-27 00:00:00+05:30,77.23999786376953,78.30000305175781,76.5999984741211,77.5,32622346,0.0,0.0
2024-08-28 00:00:00+05:30,77.94999694824219,79.7300033569336,77.66000366210938,78.95999908447266,47724768,0.0,0.0
2024-08-29 00:00:00+05:30,78.66999816894531,78.69000244140625,76.19999694824219,77.0,41938870,0.0,0.0
2024-08-30 00:00:00+05:30,77.30000305175781,77.58000183105469,75.12000274658203,75.83999633789062,63934257,0.0,0.0
2024-09-02 00:00:00+05:30,75.83999633789062,76.0999984741211,72.5,73.80999755859375,71966033,0.0,0.0
2024-09-03 00:00:00+05:30,73.80999755859375,76.37000274658203,73.54000091552734,74.47000122070312,49347993,0.0,0.0
2024-09-04 00:00:00+05:30,74.4000015258789,74.9000015258789,73.30000305175781,74.16000366210938,28321394,0.0,0.0
2024-09-05 00:00:00+05:30,75.69999694824219,77.08999633789062,74.66000366210938,76.0,56483144,0.0,0.0
2024-09-06 00:00:00+05:30,76.75,77.3499984741211,74.51000213623047,74.72000122070312,43635971,0.0,0.0
2024-09-09 00:00:00+05:30,75.27999877929688,77.27999877929688,72.81999969482422,74.33999633789062,87247821,0.0,0.0
2024-09-10 00:00:00+05:30,75.83000183105469,78.05000305175781,75.33999633789062,78.05000305175781,144759489,0.0,0.0
2024-09-11 00:00:00+05:30,79.33999633789062,81.94999694824219,79.0999984741211,81.94999694824219,121404214,0.0,0.0
2024-09-12 00:00:00+05:30,86.0,86.04000091552734,80.41000366210938,81.69999694824219,186025037,0.0,0.0
2024-09-13 00:00:00+05:30,82.13999938964844,84.5,80.80000305175781,83.11000061035156,82750388,0.0,0.0
2024-09-16 00:00:00+05:30,83.87999725341797,85.8499984741211,83.66000366210938,84.69999694824219,67945786,0.0,0.0
2024-09-17 00:00:00+05:30,85.18000030517578,85.4000015258789,80.56999969482422,82.0,61029140,0.0,0.0
2024-09-18 00:00:00+05:30,82.19999694824219,82.9800033569336,80.5199966430664,80.81999969482422,37668180,0.0,0.0
2024-09-19 00:00:00+05:30,81.88999938964844,83.0,78.0,80.97000122070312,60446356,0.0,0.0
2024-09-20 00:00:00+05:30,82.23999786376953,84.0,81.30999755859375,83.44999694824219,74313107,0.0,0.0
2024-09-23 00:00:00+05:30,84.19000244140625,84.98999786376953,82.69999694824219,82.88999938964844,35307207,0.0,0.0
2024-09-24 00:00:00+05:30,83.0,84.19999694824219,82.31999969482422,83.79000091552734,34414038,0.0,0.0
2024-09-25 00:00:00+05:30,83.69999694824219,83.69999694824219,82.5,82.95999908447266,27040040,0.0,0.0
2024-09-26 00:00:00+05:30,82.94999694824219,83.36000061035156,81.5,81.83999633789062,24929699,0.0,0.0
2024-09-27 00:00:00+05:30,81.75,82.7699966430664,80.5,81.08999633789062,42523359,0.0,0.0
2024-09-30 00:00:00+05:30,80.80000305175781,81.58000183105469,79.37000274658203,80.05000305175781,42376466,0.0,0.0
2024-10-01 00:00:00+05:30,80.30000305175781,81.52999877929688,79.5,79.73999786376953,27494973,0.0,0.0
2024-10-03 00:00:00+05:30,76.73999786376953,78.5999984741211,75.75,75.75,79766127,0.0,0.0
2024-10-04 00:00:00+05:30,74.8499984741211,76.6500015258789,72.22000122070312,74.66999816894531,77974009,0.0,0.0
2024-10-07 00:00:00+05:30,75.63999938964844,76.48999786376953,70.93000030517578,70.93000030517578,76807728,0.0,0.0
2024-10-08 00:00:00+05:30,68.0999984741211,74.19999694824219,66.0999984741211,73.63999938964844,135896990,0.0,0.0
2024-10-09 00:00:00+05:30,74.58999633789062,80.5999984741211,74.55000305175781,76.69000244140625,136134618,0.0,0.0
2024-10-10 00:00:00+05:30,77.5,77.88999938964844,74.66999816894531,75.44000244140625,71016473,0.0,0.0
2024-10-11 00:00:00+05:30,75.75,76.06999969482422,74.25,74.38999938964844,32799505,0.0,0.0
2024-10-14 00:00:00+05:30,74.6500015258789,75.0,73.75,74.01000213623047,24979009,0.0,0.0
2024-10-15 00:00:00+05:30,74.0999984741211,74.23999786376953,72.1500015258789,73.70999908447266,42418804,0.0,0.0
2024-10-16 00:00:00+05:30,73.70999908447266,75.6500015258789,73.5199966430664,75.05000305175781,47156496,0.0,0.0
2024-10-17 00:00:00+05:30,75.38999938964844,75.44999694824219,72.4000015258789,73.01000213623047,32194681,0.0,0.0
2024-10-18 00:00:00+05:30,72.9000015258789,73.3499984741211,71.0999984741211,72.19000244140625,36018706,0.0,0.0
2024-10-21 00:00:00+05:30,72.48999786376953,72.7699966430664,70.30000305175781,70.62999725341797,27026007,0.0,0.0
2024-10-22 00:00:00+05:30,70.58999633789062,71.30000305175781,67.5,68.55999755859375,67732028,0.0,0.0
2024-10-23 00:00:00+05:30,67.30000305175781,69.94000244140625,66.0999984741211,68.8499984741211,55215451,0.0,0.0
2024-10-24 00:00:00+05:30,69.08000183105469,71.13999938964844,68.4000015258789,69.1500015258789,35058205,0.0,0.0
2024-10-25 00:00:00+05:30,69.87999725341797,70.30000305175781,66.0,67.47000122070312,49452859,0.0,0.0
2024-10-28 00:00:00+05:30,68.0,72.5999984741211,66.13999938964844,70.83999633789062,81820533,0.0,0.0
2024-10-29 00:00:00+05:30,72.75,73.5,66.81999969482422,68.87000274658203,129971042,0.0,0.0
2024-10-30 00:00:00+05:30,68.98999786376953,69.62999725341797,67.55999755859375,68.12999725341797,52761387,0.0,0.0
2024-10-31 00:00:00+05:30,67.95999908447266,68.44000244140625,66.69999694824219,66.94999694824219,41454018,0.0,0.0
2024-11-01 00:00:00+05:30,67.30000305175781,68.4000015258789,67.19999694824219,68.13999938964844,14965199,0.0,0.0
2024-11-04 00:00:00+05:30,68.19000244140625,68.23999786376953,65.19999694824219,66.31999969482422,55381082,0.0,0.0
2024-11-05 00:00:00+05:30,66.30000305175781,68.25,65.52999877929688,67.37000274658203,45626050,0.0,0.0
2024-11-06 00:00:00+05:30,68.0,69.8499984741211,67.41999816894531,69.31999969482422,50008246,0.0,0.0
2024-11-07 00:00:00+05:30,69.44999694824219,69.44999694824219,66.44000244140625,66.80000305175781,49354800,0.0,0.0
2024-11-08 00:00:00+05:30,66.58999633789062,66.58999633789062,61.84000015258789,62.5,86095752,0.0,0.0
2024-11-11 00:00:00+05:30,61.5,63.13999938964844,58.560001373291016,62.15999984741211,128104971,0.0,0.0
2024-11-12 00:00:00+05:30,62.15999984741211,62.869998931884766,59.099998474121094,59.38999938964844,67563924,0.0,0.0
2024-11-13 00:00:00+05:30,58.0,59.279998779296875,53.45000076293945,54.029998779296875,194511406,0.0,0.0
2024-11-14 00:00:00+05:30,54.029998779296875,56.72999954223633,53.650001525878906,56.72999954223633,56957801,0.0,0.0
2024-11-18 00:00:00+05:30,59.45000076293945,59.560001373291016,56.79999923706055,59.2599983215332,119110598,0.0,0.0
2024-11-19 00:00:00+05:30,60.5,62.220001220703125,59.41999816894531,62.220001220703125,74476083,0.0,0.0
2024-11-21 00:00:00+05:30,63.900001525878906,65.33000183105469,63.5,65.33000183105469,131579845,0.0,0.0
2024-11-22 00:00:00+05:30,66.80000305175781,68.33000183105469,64.5999984741211,65.22000122070312,130345329,0.0,0.0
2024-11-25 00:00:00+05:30,67.0,67.5,63.709999084472656,64.2300033569336,123922270,0.0,0.0
2024-11-26 00:00:00+05:30,64.63999938964844,64.8499984741211,63.29999923706055,63.56999969482422,35463228,0.0,0.0
2024-11-27 00:00:00+05:30,63.880001068115234,64.29000091552734,62.709999084472656,63.59000015258789,37152591,0.0,0.0
2024-11-28 00:00:00+05:30,63.689998626708984,65.5,62.900001525878906,63.72999954223633,42559541,0.0,0.0
2024-11-29 00:00:00+05:30,63.900001525878906,64.22000122070312,62.40999984741211,62.97999954223633,54815057,0.0,0.0
2024-12-02 00:00:00+05:30,63.11000061035156,66.12000274658203,62.279998779296875,66.12000274658203,61128869,0.0,0.0
2024-12-03 00:00:00+05:30,66.79000091552734,67.30000305175781,65.0,65.4000015258789,91100475,0.0,0.0
2024-12-04 00:00:00+05:30,65.9000015258789,68.44999694824219,65.33999633789062,67.72000122070312,97607170,0.0,0.0
2024-12-05 00:00:00+05:30,68.19999694824219,68.80000305175781,66.87999725341797,68.26000213623047,56295912,0.0,0.0
2024-12-06 00:00:00+05:30,68.0,68.38999938964844,67.27999877929688,67.38999938964844,38528682,0.0,0.0
2024-12-09 00:00:00+05:30,67.37999725341797,67.80000305175781,66.4000015258789,67.36000061035156,34635931,0.0,0.0
2024-12-10 00:00:00+05:30,67.30000305175781,67.36000061035156,65.86000061035156,66.55000305175781,29542425,0.0,0.0
2024-12-11 00:00:00+05:30,66.41999816894531,67.19999694824219,65.8499984741211,66.12000274658203,32530712,0.0,0.0
2024-12-12 00:00:00+05:30,65.61000061035156,66.43000030517578,64.86000061035156,65.69999694824219,33619161,0.0,0.0
2024-12-13 00:00:00+05:30,65.5,67.68000030517578,65.26000213623047,66.19999694824219,47952699,0.0,0.0
2024-12-16 00:00:00+05:30,67.5,68.62000274658203,66.16000366210938,66.36000061035156,56788124,0.0,0.0
2024-12-17 00:00:00+05:30,66.36000061035156,69.66999816894531,66.20999908447266,69.55999755859375,188345914,0.0,0.0
2024-12-18 00:00:00+05:30,69.80000305175781,70.18000030517578,67.37000274658203,67.94999694824219,68899550,0.0,0.0
2024-12-19 00:00:00+05:30,66.5,68.58000183105469,66.19999694824219,67.05000305175781,56237783,0.0,0.0
2024-12-20 00:00:00+05:30,67.55000305175781,67.79000091552734,63.95000076293945,64.12999725341797,55042543,0.0,0.0
2024-12-23 00:00:00+05:30,65.16000366210938,65.16000366210938,63.279998779296875,63.86000061035156,30077026,0.0,0.0
2024-12-24 00:00:00+05:30,63.97999954223633,65.37999725341797,63.77000045776367,64.87000274658203,24810689,0.0,0.0
2024-12-26 00:00:00+05:30,64.98999786376953,65.1500015258789,63.869998931884766,64.33999633789062,19522002,0.0,0.0
2024-12-27 00:00:00+05:30,64.5,64.7300033569336,63.0,63.25,20617504,0.0,0.0
2024-12-30 00:00:00+05:30,63.189998626708984,63.88999938964844,61.11000061035156,61.41999816894531,50198161,0.0,0.0
2024-12-31 00:00:00+05:30,61.4900016784668,62.41999816894531,61.060001373291016,62.220001220703125,34983814,0.0,0.0
2025-01-01 00:00:00+05:30,62.63999938964844,65.33000183105469,62.06999969482422,65.33000183105469,62229972,0.0,0.0
2025-01-02 00:00:00+05:30,65.0,65.0999984741211,62.54999923706055,62.91999816894531,67889756,0.0,0.0
2025-01-03 00:00:00+05:30,63.0,63.25,61.79999923706055,61.95000076293945,42686992,0.0,0.0
2025-01-06 00:00:00+05:30,62.04999923706055,62.119998931884766,58.849998474121094,58.849998474121094,62445389,0.0,0.0
2025-01-07 00:00:00+05:30,58.060001373291016,61.790000915527344,58.060001373291016,60.880001068115234,59115926,0.0,0.0
2025-01-08 00:00:00+05:30,60.79999923706055,61.0,59.0,60.029998779296875,37159538,0.0,0.0
2025-01-09 00:00:00+05:30,60.34000015258789,60.349998474121094,57.650001525878906,57.880001068115234,35053006,0.0,0.0
2025-01-10 00:00:00+05:30,58.0,58.150001525878906,55.5,55.56999969482422,64397011,0.0,0.0
2025-01-13 00:00:00+05:30,54.5,57.0,53.97999954223633,54.45000076293945,92083914,0.0,0.0
2025-01-14 00:00:00+05:30,55.20000076293945,57.16999816894531,55.11000061035156,57.16999816894531,41045252,0.0,0.0
2025-01-15 00:00:00+05:30,57.16999816894531,59.79999923706055,56.810001373291016,57.2599983215332,65243228,0.0,0.0
2025-01-16 00:00:00+05:30,58.7599983215332,59.189998626708984,56.70000076293945,56.869998931884766,39797323,0.0,0.0
2025-01-17 00:00:00+05:30,57.0,57.38999938964844,55.939998626708984,56.84000015258789,41806502,0.0,0.0
2025-01-20 00:00:00+05:30,57.52000045776367,58.790000915527344,56.2599983215332,58.09000015258789,49547406,0.0,0.0
2025-01-21 00:00:00+05:30,58.349998474121094,58.470001220703125,56.349998474121094,57.43000030517578,33972001,0.0,0.0
2025-01-22 00:00:00+05:30,57.43000030517578,57.84000015258789,54.54999923706055,55.119998931884766,48986568,0.0,0.0
2025-01-23 00:00:00+05:30,55.119998931884766,56.63999938964844,54.189998626708984,54.310001373291016,49582278,0.0,0.0
2025-01-24 00:00:00+05:30,54.900001525878906,54.9900016784668,52.150001525878906,52.540000915527344,64210167,0.0,0.0
2025-01-27 00:00:00+05:30,52.400001525878906,52.47999954223633,49.90999984741211,50.22999954223633,66288203,0.0,0.0
2025-01-28 00:00:00+05:30,50.59000015258789,51.59000015258789,47.810001373291016,50.2599983215332,86563217,0.0,0.0
2025-01-29 00:00:00+05:30,52.77000045776367,52.77000045776367,52.77000045776367,52.77000045776367,13990368,0.0,0.0
2025-01-30 00:00:00+05:30,55.400001525878906,55.400001525878906,55.400001525878906,55.400001525878906,10961611,0.0,0.0
2025-01-31 00:00:00+05:30,57.0,58.16999816894531,56.54999923706055,58.16999816894531,111500110,0.0,0.0
2025-02-01 00:00:00+05:30,60.5,61.06999969482422,56.5099983215332,58.15999984741211,168912946,0.0,0.0
2025-02-03 00:00:00+05:30,57.779998779296875,59.099998474121094,55.40999984741211,56.369998931884766,93425367,0.0,0.0
2025-02-04 00:00:00+05:30,57.189998626708984,57.97999954223633,55.959999084472656,56.91999816894531,42367489,0.0,0.0
2025-02-05 00:00:00+05:30,57.2400016784668,57.77000045776367,55.77000045776367,55.900001525878906,37787329,0.0,0.0
2025-02-06 00:00:00+05:30,55.90999984741211,56.380001068115234,54.54999923706055,54.91999816894531,31769107,0.0,0.0
2025-02-07 00:00:00+05:30,54.970001220703125,55.08000183105469,52.91999816894531,53.61000061035156,38821987,0.0,0.0
2025-02-10 00:00:00+05:30,53.38999938964844,54.38999938964844,52.310001373291016,52.720001220703125,31170558,0.0,0.0
2025-02-11 00:00:00+05:30,52.849998474121094,53.04999923706055,50.31999969482422,51.9900016784668,49471491,0.0,0.0
2025-02-12 00:00:00+05:30,51.9900016784668,52.9900016784668,49.04999923706055,52.400001525878906,69163693,0.0,0.0
2025-02-13 00:00:00+05:30,52.810001373291016,53.95000076293945,52.290000915527344,53.349998474121094,41607228,0.0,0.0
2025-02-14 00:00:00+05:30,53.54999923706055,53.880001068115234,50.45000076293945,51.13999938964844,45983899,0.0,0.0
2025-02-17 00:00:00+05:30,51.0,51.689998626708984,49.5,51.41999816894531,46742293,0.0,0.0
2025-02-18 00:00:00+05:30,51.0,51.349998474121094,49.4900016784668,50.63999938964844,38970008,0.0,0.0
2025-02-19 00:00:00+05:30,50.29999923706055,55.279998779296875,49.84000015258789,54.15999984741211,71927816,0.0,0.0
2025-02-20 00:00:00+05:30,54.0,55.349998474121094,53.25,54.880001068115234,38873355,0.0,0.0
2025-02-21 00:00:00+05:30,54.900001525878906,56.29999923706055,54.29999923706055,55.16999816894531,56799902,0.0,0.0
2025-02-24 00:00:00+05:30,54.599998474121094,54.70000076293945,53.45000076293945,54.290000915527344,43162800,0.0,0.0
2025-02-25 00:00:00+05:30,54.290000915527344,55.08000183105469,54.27000045776367,54.58000183105469,21791959,0.0,0.0
2025-02-27 00:00:00+05:30,54.63999938964844,54.939998626708984,51.75,52.130001068115234,39073334,0.0,0.0
2025-02-28 00:00:00+05:30,51.209999084472656,51.900001525878906,49.5099983215332,49.709999084472656,93211241,0.0,0.0
2025-03-03 00:00:00+05:30,50.04999923706055,51.189998626708984,46.599998474121094,49.779998779296875,108578059,0.0,0.0
2025-03-04 00:00:00+05:30,48.849998474121094,51.4900016784668,48.52000045776367,50.11000061035156,67731679,0.0,0.0
2025-03-05 00:00:00+05:30,50.599998474121094,52.04999923706055,50.5099983215332,51.4900016784668,72632328,0.0,0.0
2025-03-06 00:00:00+05:30,52.689998626708984,52.88999938964844,51.720001220703125,52.099998474121094,56090540,0.0,0.0
2025-03-07 00:00:00+05:30,51.9900016784668,56.939998626708984,51.599998474121094,54.91999816894531,106855231,0.0,0.0
2025-03-10 00:00:00+05:30,55.11000061035156,56.790000915527344,52.7599983215332,53.2400016784668,81450055,0.0,0.0
2025-03-11 00:00:00+05:30,52.02000045776367,54.150001525878906,51.630001068115234,53.7599983215332,58522186,0.0,0.0
2025-03-12 00:00:00+05:30,54.060001373291016,54.45000076293945,52.77000045776367,53.849998474121094,48314005,0.0,0.0
2025-03-13 00:00:00+05:30,54.349998474121094,55.0,53.619998931884766,54.58000183105469,43837645,0.0,0.0
2025-03-17 00:00:00+05:30,54.7400016784668,56.5,54.25,54.5,54133917,0.0,0.0
2025-03-18 00:00:00+05:30,54.5,54.5,54.5,54.5,0,0.0,0.0
2025-03-19 00:00:00+05:30,55.38999938964844,58.0,55.34000015258789,57.7599983215332,79465967,0.0,0.0
2025-03-20 00:00:00+05:30,58.900001525878906,59.400001525878906,56.68000030517578,58.38999938964844,51729766,0.0,0.0
2025-03-21 00:00:00+05:30,58.380001068115234,58.650001525878906,55.939998626708984,56.5,104724888,0.0,0.0
2025-03-24 00:00:00+05:30,57.689998626708984,58.36000061035156,57.04999923706055,57.90999984741211,58367956,0.0,0.0
2025-03-25 00:00:00+05:30,58.459999084472656,59.47999954223633,57.04999923706055,57.650001525878906,66615843,0.0,0.0
2025-03-26 00:00:00+05:30,57.900001525878906,58.630001068115234,56.29999923706055,57.43000030517578,52250161,0.0,0.0
2025-03-27 00:00:00+05:30,57.11000061035156,57.939998626708984,56.439998626708984,57.0099983215332,49678644,0.0,0.0
2025-03-28 00:00:00+05:30,57.36000061035156,58.400001525878906,56.400001525878906,56.65999984741211,43376048,0.0,0.0
2025-04-01 00:00:00+05:30,55.5,56.97999954223633,55.11000061035156,55.75,40810312,0.0,0.0
2025-04-02 00:00:00+05:30,55.84000015258789,57.7400016784668,54.36000061035156,57.43000030517578,49530064,0.0,0.0
2025-04-03 00:00:00+05:30,56.209999084472656,57.81999969482422,56.20000076293945,57.4900016784668,42914792,0.0,0.0
2025-04-04 00:00:00+05:30,57.4900016784668,57.5,54.65999984741211,55.36000061035156,51863551,0.0,0.0
2025-04-07 00:00:00+05:30,46.900001525878906,53.099998474121094,46.150001525878906,52.119998931884766,81905901,0.0,0.0
2025-04-08 00:00:00+05:30,54.34000015258789,54.34000015258789,52.72999954223633,53.08000183105469,40949448,0.0,0.0
2025-04-09 00:00:00+05:30,53.06999969482422,53.7599983215332,51.0099983215332,51.209999084472656,50850121,0.0,0.0
2025-04-11 00:00:00+05:30,53.959999084472656,53.959999084472656,52.15999984741211,53.0,49591603,0.0,0.0
2025-04-15 00:00:00+05:30,54.880001068115234,55.65999984741211,53.90999984741211,54.369998931884766,58941572,0.0,0.0
2025-04-16 00:00:00+05:30,54.5099983215332,54.88999938964844,53.849998474121094,54.34000015258789,34690956,0.0,0.0
2025-04-17 00:00:00+05:30,54.33000183105469,55.720001220703125,54.0099983215332,55.06999969482422,54279879,0.0,0.0
2025-04-21 00:00:00+05:30,55.54999923706055,61.099998474121094,55.5,60.290000915527344,169658526,0.0,0.0
2025-04-22 00:00:00+05:30,60.95000076293945,61.58000183105469,59.02000045776367,59.27000045776367,89155646,0.0,0.0
2025-04-23 00:00:00+05:30,59.68000030517578,60.16999816894531,58.130001068115234,59.9900016784668,97968387,0.0,0.0
2025-04-24 00:00:00+05:30,60.0,61.4900016784668,59.720001220703125,60.11000061035156,97850644,0.0,0.0
2025-04-25 00:00:00+05:30,60.310001373291016,60.45000076293945,56.720001220703125,58.29999923706055,104362729,0.0,0.0
2025-04-28 00:00:00+05:30,57.5,58.4900016784668,57.0,57.779998779296875,50641247,0.0,0.0
2025-04-29 00:00:00+05:30,58.0,59.5,57.349998474121094,57.70000076293945,51629064,0.0,0.0
2025-04-30 00:00:00+05:30,57.70000076293945,57.900001525878906,56.0,56.400001525878906,55507075,0.0,0.0
2025-05-02 00:00:00+05:30,56.15999984741211,56.9900016784668,55.86000061035156,56.130001068115234,35493371,0.0,0.0
2025-05-05 00:00:00+05:30,56.5,57.25,56.349998474121094,56.91999816894531,30173749,0.0,0.0
2025-05-06 00:00:00+05:30,57.0,57.4900016784668,53.41999816894531,53.7400016784668,59698908,0.0,0.0
2025-05-07 00:00:00+05:30,52.400001525878906,55.18000030517578,52.400001525878906,54.70000076293945,100831859,0.0,0.0
2025-05-08 00:00:00+05:30,55.5,55.97999954223633,52.79999923706055,53.150001525878906,65062799,0.0,0.0
2025-05-09 00:00:00+05:30,51.25,53.0,51.099998474121094,52.66999816894531,68598385,0.0,0.0
2025-05-12 00:00:00+05:30,56.2400016784668,57.400001525878906,55.2400016784668,56.95000076293945,89597903,0.0,0.0
2025-05-13 00:00:00+05:30,57.20000076293945,58.16999816894531,56.709999084472656,57.599998474121094,55623455,0.0,0.0
2025-05-14 00:00:00+05:30,57.900001525878906,60.400001525878906,57.400001525878906,59.91999816894531,97734016,0.0,0.0
2025-05-15 00:00:00+05:30,60.400001525878906,61.77000045776367,60.099998474121094,61.220001220703125,79989466,0.0,0.0
2025-05-16 00:00:00+05:30,61.599998474121094,62.130001068115234,60.349998474121094,61.08000183105469,77800547,0.0,0.0
2025-05-19 00:00:00+05:30,61.209999084472656,62.599998474121094,61.119998931884766,61.529998779296875,53353255,0.0,0.0
2025-05-20 00:00:00+05:30,61.95000076293945,62.189998626708984,60.099998474121094,60.349998474121094,64416562,0.0,0.0
2025-05-21 00:00:00+05:30,60.20000076293945,61.650001525878906,59.349998474121094,61.279998779296875,57916922,0.0,0.0
2025-05-22 00:00:00+05:30,61.0,61.720001220703125,60.349998474121094,61.0099983215332,43220436,0.0,0.0
2025-05-23 00:00:00+05:30,61.45000076293945,62.900001525878906,60.65999984741211,62.209999084472656,90698519,0.0,0.0
2025-05-26 00:00:00+05:30,62.83000183105469,65.94999694824219,62.7400016784668,64.37000274658203,127004476,0.0,0.0
2025-05-27 00:00:00+05:30,64.9000015258789,66.0,63.61000061035156,65.38999938964844,125848116,0.0,0.0
2025-05-28 00:00:00+05:30,65.70999908447266,68.5,65.51000213623047,66.31999969482422,162393521,0.0,0.0
2025-05-29 00:00:00+05:30,67.19000244140625,67.61000061035156,64.75,65.41999816894531,106020315,0.0,0.0
2025-05-30 00:00:00+05:30,71.5,74.30000305175781,70.55000305175781,71.4800033569336,547640042,0.0,0.0
2025-06-02 00:00:00+05:30,72.19999694824219,73.5,70.70999908447266,71.19000244140625,173588228,0.0,0.0
2025-06-03 00:00:00+05:30,71.69999694824219,72.4000015258789,67.9000015258789,68.1500015258789,166631797,0.0,0.0
2025-06-04 00:00:00+05:30,68.3499984741211,68.58000183105469,66.5,66.72000122070312,125734824,0.0,0.0
2025-06-05 00:00:00+05:30,67.0,68.5999984741211,66.5,66.7699966430664,116558636,0.0,0.0
2025-06-06 00:00:00+05:30,67.4000015258789,67.5,66.0999984741211,66.70999908447266,75950376,0.0,0.0
2025-06-09 00:00:00+05:30,67.75,68.30000305175781,67.0,67.12999725341797,110914040,0.0,0.0
2025-06-10 00:00:00+05:30,67.83000183105469,69.5,66.80000305175781,68.29000091552734,158113094,0.0,0.0
2025-06-11 00:00:00+05:30,68.5999984741211,69.4000015258789,67.12000274658203,67.58999633789062,99916334,0.0,0.0
2025-06-12 00:00:00+05:30,67.75,67.88999938964844,65.5,65.68000030517578,91116082,0.0,0.0
2025-06-13 00:00:00+05:30,64.19000244140625,65.4800033569336,63.31999969482422,64.7300033569336,90307455,0.0,0.0
2025-06-16 00:00:00+05:30,64.5,65.80000305175781,63.15999984741211,65.41000366210938,82798745,0.0,0.0
2025-06-17 00:00:00+05:30,65.41000366210938,65.87000274658203,64.11000061035156,64.5199966430664,62347373,0.0,0.0
2025-06-18 00:00:00+05:30,64.5199966430664,65.23999786376953,63.810001373291016,64.06999969482422,49246678,0.0,0.0
2025-06-19 00:00:00+05:30,64.0,64.4000015258789,61.7599983215332,62.529998779296875,90679408,0.0,0.0
2025-06-20 00:00:00+05:30,62.560001373291016,64.4800033569336,62.41999816894531,63.22999954223633,155351419,0.0,0.0
2025-06-23 00:00:00+05:30,62.599998474121094,63.20000076293945,62.04999923706055,62.790000915527344,48152988,0.0,0.0
2025-06-24 00:00:00+05:30,63.70000076293945,64.66999816894531,63.2599983215332,64.38999938964844,84498836,0.0,0.0
2025-06-25 00:00:00+05:30,64.9000015258789,64.9000015258789,63.90999984741211,64.31999969482422,51596980,0.0,0.0
2025-06-26 00:00:00+05:30,64.54000091552734,65.56999969482422,64.08000183105469,64.52999877929688,63684828,0.0,0.0
2025-06-27 00:00:00+05:30,64.80000305175781,67.69999694824219,64.44999694824219,67.31999969482422,157324744,0.0,0.0
2025-06-30 00:00:00+05:30,67.6500015258789,68.16999816894531,66.5,67.72000122070312,100164317,0.0,0.0
2025-07-01 00:00:00+05:30,67.72000122070312,68.12000274658203,67.01000213623047,67.19999694824219,49316098,0.0,0.0
2025-07-02 00:00:00+05:30,67.37999725341797,67.5199966430664,64.4000015258789,64.79000091552734,72931988,0.0,0.0
2025-07-03 00:00:00+05:30,65.4000015258789,66.20999908447266,64.91999816894531,65.2699966430664,48302742,0.0,0.0
2025-07-04 00:00:00+05:30,65.5,65.69999694824219,64.91999816894531,65.52999877929688,32254269,0.0,0.0
2025-07-07 00:00:00+05:30,65.80000305175781,66.58999633789062,65.12999725341797,65.87999725341797,41996456,0.0,0.0
2025-07-08 00:00:00+05:30,65.79000091552734,66.5,65.30000305175781,66.26000213623047,40707600,0.0,0.0
2025-07-09 00:00:00+05:30,66.47000122070312,66.8499984741211,65.72000122070312,65.94000244140625,39940889,0.0,0.0
2025-07-10 00:00:00+05:30,66.0,66.54000091552734,65.51000213623047,65.97000122070312,31012486,0.0,0.0
2025-07-11 00:00:00+05:30,65.97000122070312,66.26000213623047,65.25,65.91999816894531,32762054,0.0,0.0
2025-07-14 00:00:00+05:30,66.22000122070312,66.44000244140625,65.26000213623047,65.44000244140625,37954638,0.0,0.0
2025-07-15 00:00:00+05:30,65.47000122070312,67.4000015258789,65.47000122070312,67.16999816894531,68141681,0.0,0.0
2025-07-16 00:00:00+05:30,67.30000305175781,68.30000305175781,66.8499984741211,67.02999877929688,52713937,0.0,0.0
2025-07-17 00:00:00+05:30,67.0999984741211,67.13999938964844,66.05000305175781,66.26000213623047,31477927,0.0,0.0
2025-07-18 00:00:00+05:30,66.26000213623047,66.58999633789062,64.7699966430664,65.05999755859375,37155281,0.0,0.0
2025-07-21 00:00:00+05:30,65.23999786376953,66.5,65.0,66.41999816894531,35813725,0.0,0.0
2025-07-22 00:00:00+05:30,66.68000030517578,66.77999877929688,65.69999694824219,66.58000183105469,35735857,0.0,0.0
2025-07-23 00:00:00+05:30,66.0999984741211,66.44000244140625,65.5199966430664,65.9800033569336,32844030,0.0,0.0
2025-07-24 00:00:00+05:30,65.9800033569336,66.23999786376953,65.05000305175781,65.31999969482422,25857103,0.0,0.0
2025-07-25 00:00:00+05:30,65.30000305175781,65.31999969482422,62.83000183105469,63.619998931884766,55135489,0.0,0.0
2025-07-28 00:00:00+05:30,63.5,63.54999923706055,60.650001525878906,60.849998474121094,63833967,0.0,0.0
2025-07-29 00:00:00+05:30,60.689998626708984,62.61000061035156,59.95000076293945,61.790000915527344,53322991,0.0,0.0
2025-07-30 00:00:00+05:30,61.97999954223633,62.04999923706055,61.0099983215332,61.209999084472656,26142390,0.0,0.0
2025-07-31 00:00:00+05:30,60.04999923706055,62.02000045776367,59.779998779296875,61.599998474121094,52270070,0.0,0.0
2025-08-01 00:00:00+05:30,62.29999923706055,66.80000305175781,62.29999923706055,65.94999694824219,282885799,0.0,0.0
2025-08-04 00:00:00+05:30,66.5999984741211,66.80999755859375,64.6500015258789,65.0,72002898,0.0,0.0
2025-08-05 00:00:00+05:30,65.0,66.0999984741211,64.87000274658203,65.44000244140625,49369073,0.0,0.0
2025-08-06 00:00:00+05:30,65.77999877929688,65.8499984741211,64.56999969482422,65.26000213623047,47280146,0.0,0.0
2025-08-07 00:00:00+05:30,64.80999755859375,65.26000213623047,62.209999084472656,64.20999908447266,75542321,0.0,0.0
2025-08-08 00:00:00+05:30,64.5,64.5199966430664,62.959999084472656,63.189998626708984,44361456,0.0,0.0
2025-08-11 00:00:00+05:30,63.20000076293945,64.77999877929688,62.88999938964844,63.31999969482422,56446107,0.0,0.0
2025-08-12 00:00:00+05:30,64.19999694824219,64.94999694824219,62.56999969482422,63.130001068115234,98199194,0.0,0.0
2025-08-13 00:00:00+05:30,63.150001525878906,63.79999923706055,60.099998474121094,60.380001068115234,173116275,0.0,0.0
2025-08-14 00:00:00+05:30,60.68000030517578,60.9900016784668,60.0,60.060001373291016,61474611,0.0,0.0
2025-08-18 00:00:00+05:30,61.5,61.63999938964844,56.619998931884766,58.06999969482422,175241892,0.0,0.0
2025-08-19 00:00:00+05:30,58.25,59.75,57.720001220703125,59.59000015258789,100339049,0.0,0.0
2025-08-20 00:00:00+05:30,59.650001525878906,60.349998474121094,59.20000076293945,59.849998474121094,59028795,0.0,0.0
2025-08-21 00:00:00+05:30,60.15999984741211,60.2400016784668,58.0099983215332,58.15999984741211,53042863,0.0,0.0
2025-08-22 00:00:00+05:30,58.38999938964844,59.290000915527344,58.060001373291016,58.5099983215332,67410588,0.0,0.0
2025-08-25 00:00:00+05:30,59.040000915527344,59.040000915527344,57.36000061035156,57.43000030517578,55015151,0.0,0.0
2025-08-26 00:00:00+05:30,57.040000915527344,57.45000076293945,56.61000061035156,56.970001220703125,54251386,0.0,0.0
2025-08-28 00:00:00+05:30,57.310001373291016,57.310001373291016,55.88999938964844,56.31999969482422,57742437,0.0,0.0
2025-08-29 00:00:00+05:30,56.349998474121094,57.150001525878906,55.529998779296875,56.43000030517578,66053084,0.0,0.0
2025-09-01 00:00:00+05:30,56.900001525878906,57.97999954223633,56.56999969482422,57.86000061035156,62787374,0.0,0.0
2025-09-02 00:00:00+05:30,58.45000076293945,59.099998474121094,57.900001525878906,58.25,72989341,0.0,0.0
2025-09-03 00:00:00+05:30,58.25,58.720001220703125,57.900001525878906,57.9900016784668,44161578,0.0,0.0
2025-09-04 00:00:00+05:30,58.7400016784668,58.900001525878906,57.27000045776367,57.41999816894531,45523685,0.0,0.0
2025-09-05 00:00:00+05:30,57.63999938964844,58.150001525878906,57.29999923706055,57.869998931884766,36924536,0.0,0.0
2025-09-08 00:00:00+05:30,58.099998474121094,58.25,57.349998474121094,57.45000076293945,31288449,0.0,0.0
2025-09-09 00:00:00+05:30,57.72999954223633,57.75,57.0,57.060001373291016,28437335,0.0,0.0
2025-09-10 00:00:00+05:30,57.29999923706055,58.029998779296875,57.209999084472656,57.56999969482422,37061910,0.0,0.0
2025-09-11 00:00:00+05:30,57.56999969482422,58.040000915527344,56.880001068115234,56.939998626708984,35651527,0.0,0.0
2025-09-12 00:00:00+05:30,57.2599983215332,57.41999816894531,56.72999954223633,57.11000061035156,30872715,0.0,0.0
2025-09-15 00:00:00+05:30,57.38999938964844,58.45000076293945,57.20000076293945,58.06999969482422,47861584,0.0,0.0
2025-09-16 00:00:00+05:30,58.29999923706055,59.650001525878906,58.290000915527344,58.97999954223633,83962341,0.0,0.0
2025-09-17 00:00:00+05:30,60.0,60.08000183105469,58.75,59.290000915527344,63663995,0.0,0.0
2025-09-18 00:00:00+05:30,59.40999984741211,59.65999984741211,58.75,59.08000183105469,34615017,0.0,0.0
2025-09-19 00:00:00+05:30,59.25,60.61000061035156,59.060001373291016,60.400001525878906,84643232,0.0,0.0
2025-09-22 00:00:00+05:30,60.400001525878906,60.970001220703125,59.66999816894531,59.93000030517578,62077740,0.0,0.0
2025-09-23 00:00:00+05:30,60.0,60.130001068115234,58.630001068115234,58.75,43152416,0.0,0.0
2025-09-24 00:00:00+05:30,58.779998779296875,58.880001068115234,57.36000061035156,57.5,36883372,0.0,0.0
2025-09-25 00:00:00+05:30,57.5,58.20000076293945,56.45000076293945,56.63999938964844,38206699,0.0,0.0
2025-09-26 00:00:00+05:30,56.959999084472656,57.22999954223633,55.150001525878906,55.279998779296875,54393034,0.0,0.0
2025-09-29 00:00:00+05:30,55.70000076293945,56.36000061035156,55.150001525878906,55.279998779296875,49687799,0.0,0.0
2025-09-30 00:00:00+05:30,55.380001068115234,55.459999084472656,54.40999984741211,55.04999923706055,57639009,0.0,0.0
2025-10-01 00:00:00+05:30,55.04999923706055,55.36000061035156,54.599998474121094,55.18000030517578,46144026,0.0,0.0
2025-10-03 00:00:00+05:30,55.439998626708984,55.47999954223633,53.849998474121094,54.459999084472656,69042422,0.0,0.0
2025-10-06 00:00:00+05:30,55.0,55.16999816894531,53.91999816894531,54.11000061035156,45009790,0.0,0.0
2025-10-07 00:00:00+05:30,54.349998474121094,54.79999923706055,53.95000076293945,54.0099983215332,50646458,0.0,0.0
2025-10-08 00:00:00+05:30,54.130001068115234,54.13999938964844,52.65999984741211,52.77000045776367,60453406,0.0,0.0
2025-10-09 00:00:00+05:30,52.79999923706055,53.529998779296875,52.54999923706055,53.16999816894531,63749358,0.0,0.0
2025-10-10 00:00:00+05:30,53.29999923706055,54.75,53.22999954223633,54.310001373291016,58987213,0.0,0.0
2025-10-13 00:00:00+05:30,54.290000915527344,54.47999954223633,53.720001220703125,54.349998474121094,44487704,0.0,0.0
2025-10-14 00:00:00+05:30,54.650001525878906,54.70000076293945,53.619998931884766,53.95000076293945,40526897,0.0,0.0
2025-10-15 00:00:00+05:30,54.209999084472656,54.599998474121094,53.58000183105469,53.72999954223633,56703266,0.0,0.0
2025-10-16 00:00:00+05:30,53.93000030517578,54.20000076293945,53.40999984741211,53.61000061035156,48868416,0.0,0.0
2025-10-17 00:00:00+05:30,53.61000061035156,53.95000076293945,52.0,52.91999816894531,173663310,0.0,0.0
2025-10-20 00:00:00+05:30,53.189998626708984,53.689998626708984,52.91999816894531,53.09000015258789,34409429,0.0,0.0
2025-10-21 00:00:00+05:30,53.599998474121094,54.34000015258789,53.400001525878906,54.18000030517578,22821584,0.0,0.0
2025-10-23 00:00:00+05:30,54.540000915527344,55.25,54.220001220703125,54.529998779296875,76480331,0.0,0.0
2025-10-24 00:00:00+05:30,54.68000030517578,55.18000030517578,53.650001525878906,53.81999969482422,44370005,0.0,0.0
2025-10-27 00:00:00+05:30,54.099998474121094,54.15999984741211,53.630001068115234,53.709999084472656,24719719,0.0,0.0
2025-10-28 00:00:00+05:30,53.709999084472656,56.470001220703125,53.599998474121094,56.220001220703125,134473878,0.0,0.0
2025-10-29 00:00:00+05:30,56.439998626708984,58.779998779296875,55.97999954223633,58.189998626708984,154967971,0.0,0.0
2025-10-30 00:00:00+05:30,58.5,59.33000183105469,57.91999816894531,58.5099983215332,83463327,0.0,0.0
2025-10-31 00:00:00+05:30,58.779998779296875,60.18000030517578,58.65999984741211,59.29999923706055,108026021,0.0,0.0
2025-11-03 00:00:00+05:30,59.470001220703125,59.880001068115234,58.529998779296875,59.2400016784668,75149800,0.0,0.0
2025-11-04 00:00:00+05:30,59.59000015258789,61.369998931884766,58.83000183105469,59.9900016784668,317089760,0.0,0.0
2025-11-06 00:00:00+05:30,61.5,61.5,59.459999084472656,59.61000061035156,147235071,0.0,0.0
2025-11-07 00:00:00+05:30,59.5,59.5,56.93000030517578,57.380001068115234,122840652,0.0,0.0
2025-11-10 00:00:00+05:30,57.900001525878906,58.20000076293945,57.0099983215332,57.43000030517578,63054794,0.0,0.0
2025-11-11 00:00:00+05:30,57.599998474121094,58.04999923706055,56.86000061035156,57.81999969482422,50483890,0.0,0.0
2025-11-12 00:00:00+05:30,58.20000076293945,58.95000076293945,57.66999816894531,58.47999954223633,53042828,0.0,0.0
2025-11-13 00:00:00+05:30,58.290000915527344,58.34000015258789,57.40999984741211,57.58000183105469,40221624,0.0,0.0
2025-11-14 00:00:00+05:30,57.5,58.290000915527344,57.029998779296875,57.68000030517578,41214942,0.0,0.0
2025-11-17 00:00:00+05:30,57.79999923706055,58.15999984741211,57.5,57.70000076293945,36049802,0.0,0.0
2025-11-18 00:00:00+05:30,57.880001068115234,57.880001068115234,56.70000076293945,56.900001525878906,29797672,0.0,0.0
2025-11-19 00:00:00+05:30,56.95000076293945,57.08000183105469,56.29999923706055,56.529998779296875,35976206,0.0,0.0
2025-11-20 00:00:00+05:30,56.599998474121094,57.150001525878906,56.52000045776367,56.70000076293945,37658777,0.0,0.0
2025-11-21 00:00:00+05:30,56.66999816894531,56.720001220703125,55.0,55.099998474121094,42894379,0.0,0.0
2025-11-24 00:00:00+05:30,55.099998474121094,55.540000915527344,54.400001525878906,54.61000061035156,96347031,0.0,0.0
2025-11-25 00:00:00+05:30,54.5,54.95000076293945,54.11000061035156,54.189998626708984,36680917,0.0,0.0
2025-11-26 00:00:00+05:30,54.20000076293945,55.689998626708984,54.13999938964844,55.58000183105469,43866679,0.0,0.0
2025-11-27 00:00:00+05:30,55.70000076293945,55.900001525878906,54.810001373291016,54.93000030517578,28645872,0.0,0.0
2025-11-28 00:00:00+05:30,55.0,55.0,53.75,54.0099983215332,52551047,0.0,0.0
2025-12-01 00:00:00+05:30,54.29999923706055,54.7400016784668,53.52000045776367,53.720001220703125,33170385,0.0,0.0
2025-12-02 00:00:00+05:30,53.75,54.099998474121094,53.209999084472656,53.41999816894531,41115861,0.0,0.0
2025-12-03 00:00:00+05:30,53.43000030517578,53.650001525878906,52.220001220703125,52.59000015258789,42825048,0.0,0.0
2025-12-04 00:00:00+05:30,52.650001525878906,52.84000015258789,50.599998474121094,50.849998474121094,76794810,0.0,0.0
2025-12-05 00:00:00+05:30,51.130001068115234,52.150001525878906,50.75,51.7400016784668,61141969,0.0,0.0
2025-12-08 00:00:00+05:30,52.0099983215332,53.0,51.56999969482422,51.779998779296875,97482417,0.0,0.0
2025-12-09 00:00:00+05:30,51.9900016784668,52.77000045776367,51.0,52.54999923706055,64804664,0.0,0.0
2025-12-10 00:00:00+05:30,52.79999923706055,53.20000076293945,51.349998474121094,51.540000915527344,59123651,0.0,0.0
2025-12-11 00:00:00+05:30,51.70000076293945,52.439998626708984,51.31999969482422,52.040000915527344,52982896,0.0,0.0
2025-12-12 00:00:00+05:30,52.5,53.099998474121094,52.5,53.02000045776367,42524157,0.0,0.0
2025-12-15 00:00:00+05:30,52.9900016784668,53.349998474121094,52.54999923706055,53.13999938964844,30122901,0.0,0.0
2025-12-16 00:00:00+05:30,53.13999938964844,53.13999938964844,52.25,52.66999816894531,33821093,0.0,0.0
2025-12-17 00:00:00+05:30,52.599998474121094,52.650001525878906,51.79999923706055,51.939998626708984,30348315,0.0,0.0
2025-12-18 00:00:00+05:30,51.90999984741211,52.0,51.31999969482422,51.779998779296875,30872497,0.0,0.0
2025-12-19 00:00:00+05:30,51.79999923706055,52.75,51.540000915527344,52.59000015258789,37121138,0.0,0.0
2025-12-22 00:00:00+05:30,52.900001525878906,53.7400016784668,52.79999923706055,53.5099983215332,38903607,0.0,0.0
2025-12-23 00:00:00+05:30,53.5099983215332,53.84000015258789,53.31999969482422,53.619998931884766,30259539,0.0,0.0
2025-12-24 00:00:00+05:30,53.59000015258789,55.04999923706055,53.15999984741211,53.29999923706055,44076962,0.0,0.0
2025-12-26 00:00:00+05:30,53.29999923706055,54.130001068115234,53.099998474121094,53.20000076293945,41885960,0.0,0.0
2025-12-29 00:00:00+05:30,53.439998626708984,53.849998474121094,52.61000061035156,52.72999954223633,35515877,0.0,0.0
2025-12-30 00:00:00+05:30,52.72999954223633,52.79999923706055,51.810001373291016,52.0,101385408,0.0,0.0
2025-12-31 00:00:00+05:30,52.0,53.15999984741211,51.90999984741211,52.66999816894531,38744091,0.0,0.0
2026-01-01 00:00:00+05:30,52.709999084472656,52.97999954223633,52.04999923706055,52.470001220703125,26749342,0.0,0.0
2026-01-02 00:00:00+05:30,52.59000015258789,54.400001525878906,52.439998626708984,54.279998779296875,59517999,0.0,0.0
2026-01-05 00:00:00+05:30,54.400001525878906,54.540000915527344,53.29999923706055,53.66999816894531,40693570,0.0,0.0
2026-01-06 00:00:00+05:30,53.70000076293945,53.9900016784668,52.869998931884766,53.45000076293945,31119731,0.0,0.0
2026-01-07 00:00:00+05:30,53.29999923706055,53.689998626708984,52.66999816894531,52.900001525878906,48744390,0.0,0.0
2026-01-08 00:00:00+05:30,52.900001525878906,53.40999984741211,50.650001525878906,50.93000030517578,59316617,0.0,0.0
2026-01-09 00:00:00+05:30,50.81999969482422,51.09000015258789,48.869998931884766,49.20000076293945,89917429,0.0,0.0
2026-01-12 00:00:00+05:30,49.29999923706055,49.380001068115234,47.900001525878906,49.20000076293945,66498246,0.0,0.0
2026-01-13 00:00:00+05:30,49.54999923706055,49.70000076293945,47.79999923706055,48.689998626708984,75354673,0.0,0.0
2026-01-14 00:00:00+05:30,48.4900016784668,49.79999923706055,48.15999984741211,49.0099983215332,55863563,0.0,0.0
2026-01-15 00:00:00+05:30,49.0099983215332,49.0099983215332,49.0099983215332,49.0099983215332,0,0.0,0.0
2026-01-16 00:00:00+05:30,49.02000045776367,49.36000061035156,48.150001525878906,48.45000076293945,105047207,0.0,0.0
2026-01-19 00:00:00+05:30,48.689998626708984,48.91999816894531,47.45000076293945,47.97999954223633,52924798,0.0,0.0
2026-01-20 00:00:00+05:30,47.97999954223633,48.33000183105469,46.20000076293945,46.34000015258789,60935304,0.0,0.0
2026-01-21 00:00:00+05:30,46.29999923706055,46.689998626708984,45.369998931884766,45.529998779296875,78076574,0.0,0.0
2026-01-22 00:00:00+05:30,46.400001525878906,47.20000076293945,45.75,46.9900016784668,56239464,0.0,0.0
2026-01-23 00:00:00+05:30,47.400001525878906,47.400001525878906,45.54999923706055,45.70000076293945,49252985,0.0,0.0
2026-01-27 00:00:00+05:30,45.849998474121094,46.25,44.880001068115234,45.790000915527344,62941841,0.0,0.0
2026-01-28 00:00:00+05:30,46.0099983215332,48.0,46.0099983215332,47.79999923706055,59993734,0.0,0.0
2026-01-29 00:00:00+05:30,48.029998779296875,48.09000015258789,46.630001068115234,47.439998626708984,55397230,0.0,0.0
2026-01-30 00:00:00+05:30,47.43000030517578,47.970001220703125,46.790000915527344,47.66999816894531,60762661,0.0,0.0
2026-02-02 00:00:00+05:30,46.5,47.25,45.40999984741211,46.9900016784668,45471127,0.0,0.0
2026-02-03 00:00:00+05:30,49.310001373291016,49.689998626708984,48.41999816894531,49.15999984741211,78516505,0.0,0.0
2026-02-04 00:00:00+05:30,49.2599983215332,50.0,48.79999923706055,49.77000045776367,55580192,0.0,0.0
2026-02-05 00:00:00+05:30,50.0,50.02000045776367,47.0,47.849998474121094,121302173,0.0,0.0
2026-02-06 00:00:00+05:30,47.849998474121094,48.20000076293945,47.25,48.040000915527344,57960744,0.0,0.0
2026-02-09 00:00:00+05:30,48.2599983215332,48.56999969482422,47.61000061035156,48.189998626708984,51743958,0.0,0.0
2026-02-10 00:00:00+05:30,48.20000076293945,48.38999938964844,47.54999923706055,47.689998626708984,40362194,0.0,0.0
2026-02-11 00:00:00+05:30,47.709999084472656,47.7400016784668,46.70000076293945,47.380001068115234,57124692,0.0,0.0
2026-02-12 00:00:00+05:30,47.29999923706055,47.54999923706055,46.720001220703125,46.810001373291016,38946281,0.0,0.0
2026-02-13 00:00:00+05:30,46.599998474121094,46.7400016784668,45.54999923706055,45.66999816894531,52618195,0.0,0.0
2026-02-16 00:00:00+05:30,45.66999816894531,46.33000183105469,45.34000015258789,46.209999084472656,39325966,0.0,0.0
2026-02-17 00:00:00+05:30,46.189998626708984,46.56999969482422,45.709999084472656,45.939998626708984,39827932,0.0,0.0
2026-02-18 00:00:00+05:30,45.95000076293945,46.290000915527344,45.810001373291016,46.09000015258789,22066437,0.0,0.0
2026-02-19 00:00:00+05:30,46.04999923706055,46.38999938964844,45.0,45.25,36681650,0.0,0.0
2026-02-20 00:00:00+05:30,45.20000076293945,45.349998474121094,44.2599983215332,44.459999084472656,61647383,0.0,0.0
2026-02-23 00:00:00+05:30,44.560001373291016,44.959999084472656,43.83000183105469,44.25,49442100,0.0,0.0
2026-02-24 00:00:00+05:30,44.25,44.38999938964844,43.36000061035156,44.130001068115234,56568697,0.0,0.0
2026-02-25 00:00:00+05:30,44.34000015258789,44.7400016784668,42.599998474121094,43.18000030517578,75839738,0.0,0.0
2026-02-26 00:00:00+05:30,43.18000030517578,43.900001525878906,42.869998931884766,43.27000045776367,49800911,0.0,0.0
2026-02-27 00:00:00+05:30,43.27000045776367,43.29999923706055,42.45000076293945,42.66999816894531,85724851,0.0,0.0
2026-03-02 00:00:00+05:30,39.130001068115234,41.790000915527344,39.130001068115234,40.95000076293945,116013965,0.0,0.0
2026-03-04 00:00:00+05:30,40.20000076293945,40.54999923706055,39.70000076293945,39.93000030517578,71113339,0.0,0.0
2026-03-05 00:00:00+05:30,40.25,40.63999938964844,39.220001220703125,40.25,89173308,0.0,0.0
2026-03-06 00:00:00+05:30,40.25,40.9900016784668,39.849998474121094,39.9900016784668,63058597,0.0,0.0
2026-03-09 00:00:00+05:30,39.4900016784668,39.7599983215332,38.189998626708984,39.619998931884766,71721599,0.0,0.0
2026-03-10 00:00:00+05:30,40.380001068115234,41.63999938964844,40.0,41.45000076293945,70866917,0.0,0.0
2026-03-11 00:00:00+05:30,41.720001220703125,42.060001373291016,41.400001525878906,41.619998931884766,64189593,0.0,0.0
2026-03-12 00:00:00+05:30,41.5099983215332,43.540000915527344,40.93000030517578,42.43000030517578,108432510,0.0,0.0
2026-03-13 00:00:00+05:30,42.41999816894531,42.83000183105469,40.97999954223633,41.40999984741211,79497665,0.0,0.0
2026-03-16 00:00:00+05:30,41.4900016784668,42.22999954223633,40.720001220703125,41.0099983215332,81266796,0.0,0.0
2026-03-17 00:00:00+05:30,41.5,41.599998474121094,40.5099983215332,41.27000045776367,70423021,0.0,0.0
2026-03-18 00:00:00+05:30,41.34000015258789,42.29999923706055,41.209999084472656,42.060001373291016,58427254,0.0,0.0
2026-03-19 00:00:00+05:30,41.20000076293945,41.790000915527344,40.81999969482422,41.09000015258789,55593734,0.0,0.0
2026-03-20 00:00:00+05:30,41.400001525878906,42.72999954223633,41.34000015258789,41.95000076293945,71960845,0.0,0.0
2026-03-23 00:00:00+05:30,41.7599983215332,41.7599983215332,39.70000076293945,39.939998626708984,68192562,0.0,0.0
2026-03-24 00:00:00+05:30,41.29999923706055,41.29999923706055,39.95000076293945,41.040000915527344,65440981,0.0,0.0
2026-03-25 00:00:00+05:30,41.5,42.849998474121094,41.43000030517578,42.27000045776367,76079784,0.0,0.0
2026-03-27 00:00:00+05:30,41.849998474121094,42.04999923706055,40.599998474121094,40.81999969482422,73603173,0.0,0.0
2026-03-30 00:00:00+05:30,40.0,40.810001373291016,39.099998474121094,39.560001373291016,126591848,0.0,0.0
2026-04-01 00:00:00+05:30,41.38999938964844,41.59000015258789,40.79999923706055,41.119998931884766,58512083,0.0,0.0
2026-04-02 00:00:00+05:30,40.5,40.97999954223633,39.77000045776367,40.779998779296875,64825364,0.0,0.0
2026-04-06 00:00:00+05:30,40.900001525878906,41.72999954223633,39.84000015258789,41.59000015258789,66648727,0.0,0.0
2026-04-07 00:00:00+05:30,41.290000915527344,41.900001525878906,40.93000030517578,41.54999923706055,39145918,0.0,0.0
2026-04-08 00:00:00+05:30,43.400001525878906,44.380001068115234,42.630001068115234,44.22999954223633,98803804,0.0,0.0
2026-04-09 00:00:00+05:30,44.22999954223633,44.560001373291016,43.36000061035156,44.22999954223633,80302508,0.0,0.0
2026-04-10 00:00:00+05:30,44.47999954223633,45.650001525878906,44.380001068115234,45.31999969482422,67332752,0.0,0.0
2026-04-13 00:00:00+05:30,44.5,46.40999984741211,43.88999938964844,45.86000061035156,132245471,0.0,0.0
2026-04-15 00:00:00+05:30,47.0,49.36000061035156,46.72999954223633,49.130001068115234,215457241,0.0,0.0
2026-04-16 00:00:00+05:30,50.029998779296875,50.529998779296875,49.0099983215332,50.25,161130833,0.0,0.0
2026-04-17 00:00:00+05:30,50.790000915527344,53.7400016784668,50.56999969482422,52.93000030517578,337159969,0.0,0.0
2026-04-20 00:00:00+05:30,53.34000015258789,53.45000076293945,51.869998931884766,52.5,153681261,0.0,0.0
2026-04-21 00:00:00+05:30,52.810001373291016,53.349998474121094,52.2599983215332,53.099998474121094,114713319,0.0,0.0
2026-04-22 00:00:00+05:30,53.150001525878906,54.70000076293945,52.900001525878906,54.56999969482422,147736421,0.0,0.0
2026-04-23 00:00:00+05:30,54.5099983215332,55.04999923706055,53.52000045776367,53.72999954223633,114711783,0.0,0.0
2026-04-24 00:00:00+05:30,53.900001525878906,54.25,52.93000030517578,53.90999984741211,103128445,0.0,0.0
2026-04-27 00:00:00+05:30,54.2599983215332,57.47999954223633,54.2599983215332,56.93000030517578,215958603,0.0,0.0
2026-04-28 00:00:00+05:30,57.150001525878906,57.869998931884766,56.900001525878906,57.31999969482422,138320111,0.0,0.0
2026-04-29 00:00:00+05:30,57.75,58.060001373291016,56.400001525878906,56.810001373291016,127240966,0.0,0.0
2026-04-30 00:00:00+05:30,56.5,56.5,55.0,55.58000183105469,102354018,0.0,0.0
2026-05-01 00:00:00+05:30,55.58000183105469,55.58000183105469,55.58000183105469,55.58000183105469,0,0.0,0.0
2026-05-04 00:00:00+05:30,56.20000076293945,56.349998474121094,54.06999969482422,54.959999084472656,103192022,0.0,0.0
2026-05-05 00:00:00+05:30,54.95000076293945,56.0,54.560001373291016,54.849998474121094,71812106,0.0,0.0
2026-05-06 00:00:00+05:30,55.290000915527344,55.310001373291016,53.310001373291016,54.31999969482422,90584507,0.0,0.0
2026-05-07 00:00:00+05:30,54.59000015258789,55.869998931884766,53.75,55.650001525878906,98244179,0.0,0.0
2026-05-08 00:00:00+05:30,55.900001525878906,55.91999816894531,54.56999969482422,54.970001220703125,56797248,0.0,0.0
2026-05-11 00:00:00+05:30,54.349998474121094,54.43000030517578,53.02000045776367,53.29999923706055,70005148,0.0,0.0
2026-05-12 00:00:00+05:30,53.0,53.959999084472656,51.310001373291016,51.52000045776367,99265010,0.0,0.0
2026-05-13 00:00:00+05:30,51.310001373291016,53.7400016784668,51.310001373291016,53.099998474121094,93140759,0.0,0.0
2026-05-14 00:00:00+05:30,53.40999984741211,53.90999984741211,52.5099983215332,53.470001220703125,70978290,0.0,0.0
2026-05-15 00:00:00+05:30,53.470001220703125,54.5099983215332,52.97999954223633,53.84000015258789,82878733,0.0,0.0
2026-05-18 00:00:00+05:30,53.47999954223633,53.47999954223633,52.150001525878906,53.25,77363520,0.0,0.0
2026-05-19 00:00:00+05:30,53.56999969482422,53.83000183105469,52.52000045776367,52.90999984741211,54643439,0.0,0.0
2026-05-20 00:00:00+05:30,52.54999923706055,52.70000076293945,52.0,52.56999969482422,46459868,0.0,0.0
2026-05-21 00:00:00+05:30,53.0,53.84000015258789,52.65999984741211,52.869998931884766,55852452,0.0,0.0
2026-05-22 00:00:00+05:30,53.16999816894531,53.95000076293945,53.0,53.75,60760806,0.0,0.0
2026-05-25 00:00:00+05:30,54.75,54.900001525878906,53.099998474121094,53.9900016784668,132667695,0.0,0.0
2026-05-26 00:00:00+05:30,53.63999938964844,55.4900016784668,53.380001068115234,54.58000183105469,173729945,0.0,0.0
2026-05-27 00:00:00+05:30,54.849998474121094,58.099998474121094,54.41999816894531,57.529998779296875,227745007,0.0,0.0
2026-05-28 00:00:00+05:30,57.529998779296875,57.529998779296875,57.529998779296875,57.529998779296875,0,0.0,0.0
2026-05-29 00:00:00+05:30,58.0,58.41999816894531,55.599998474121094,56.9900016784668,221481859,0.0,0.0
2026-06-01 00:00:00+05:30,56.810001373291016,56.900001525878906,53.5,53.93000030517578,153165238,0.0,0.0
2026-06-02 00:00:00+05:30,52.849998474121094,54.77000045776367,52.560001373291016,54.52000045776367,103408726,0.0,0.0
2026-06-03 00:00:00+05:30,54.52000045776367,55.040000915527344,53.25,54.400001525878906,90350201,0.0,0.0
2026-06-04 00:00:00+05:30,54.25,56.0,54.029998779296875,55.619998931884766,119119491,0.0,0.0
2026-06-05 00:00:00+05:30,55.79999923706055,56.119998931884766,55.099998474121094,55.310001373291016,72836939,0.0,0.0
2026-06-08 00:00:00+05:30,54.20000076293945,55.88999938964844,53.81999969482422,54.43000030517578,76527450,0.0,0.0
2026-06-09 00:00:00+05:30,54.599998474121094,55.38999938964844,54.470001220703125,55.22999954223633,64855680,0.0,0.0
2026-06-10 00:00:00+05:30,55.220001220703125,55.45000076293945,53.810001373291016,54.08000183105469,55567213,0.0,0.0
2026-06-11 00:00:00+05:30,53.790000915527344,54.119998931884766,53.06999969482422,53.290000915527344,41907259,0.0,0.0
2026-06-12 00:00:00+05:30,54.0,55.20000076293945,53.77000045776367,55.08000183105469,64636157,0.0,0.0
2026-06-15 00:00:00+05:30,56.5,56.779998779296875,55.209999084472656,55.56999969482422,65026559,0.0,0.0
2026-06-16 00:00:00+05:30,56.119998931884766,59.2400016784668,53.900001525878906,57.91999816894531,292441954,0.0,0.0
2026-06-17 00:00:00+05:30,58.380001068115234,59.5,57.29999923706055,59.27000045776367,164629458,0.0,0.0
2026-06-18 00:00:00+05:30,59.220001220703125,59.439998626708984,58.29999923706055,58.439998626708984,82275577,0.0,0.0
2026-06-19 00:00:00+05:30,58.439998626708984,60.45000076293945,58.209999084472656,59.20000076293945,139917727,0.0,0.0
2026-06-22 00:00:00+05:30,59.470001220703125,59.7400016784668,59.04999923706055,59.310001373291016,70696950,0.0,0.0
2026-06-23 00:00:00+05:30,59.310001373291016,59.54999923706055,58.099998474121094,58.290000915527344,68349325,0.0,0.0
2026-06-24 00:00:00+05:30,58.25,58.790000915527344,57.61000061035156,57.90999984741211,63851176,0.0,0.0
2026-06-25 00:00:00+05:30,58.2400016784668,58.459999084472656,56.869998931884766,57.13999938964844,83934060,0.0,0.0
2026-06-26 00:00:00+05:30,57.13999938964844,57.13999938964844,57.13999938964844,57.13999938964844,0,0.0,0.0
2026-06-29 00:00:00+05:30,58.0,58.0,56.93000030517578,57.209999084472656,68862375,0.0,0.0
2026-06-30 00:00:00+05:30,57.459999084472656,59.099998474121094,57.310001373291016,58.900001525878906,120994413,0.0,0.0
2026-07-01 00:00:00+05:30,59.060001373291016,59.310001373291016,58.130001068115234,58.349998474121094,58782670,0.0,0.0
2026-07-02 00:00:00+05:30,58.349998474121094,58.68000030517578,57.36000061035156,57.66999816894531,51175497,0.0,0.0
2026-07-03 00:00:00+05:30,57.93000030517578,58.119998931884766,56.2400016784668,56.869998931884766,71029555,0.0,0.0
2026-07-06 00:00:00+05:30,56.869998931884766,57.099998474121094,55.0099983215332,55.470001220703125,73062543,0.0,0.0
2026-07-07 00:00:00+05:30,55.470001220703125,55.560001373291016,54.150001525878906,54.380001068115234,56983348,0.0,0.0
2026-07-08 00:00:00+05:30,54.29999923706055,54.779998779296875,52.709999084472656,53.130001068115234,65132513,0.0,0.0
2026-07-09 00:00:00+05:30,53.130001068115234,54.290000915527344,53.06999969482422,53.70000076293945,42640345,0.0,0.0
2026-07-10 00:00:00+05:30,54.02000045776367,54.45000076293945,53.75,53.91999816894531,41945443,0.0,0.0
2026-07-13 00:00:00+05:30,53.599998474121094,53.630001068115234,52.91999816894531,53.16999816894531,40687795,0.0,0.0
2026-07-14 00:00:00+05:30,52.95000076293945,52.9900016784668,52.33000183105469,52.470001220703125,40748106,0.0,0.0
2026-07-15 00:00:00+05:30,52.470001220703125,53.4900016784668,52.310001373291016,52.41999816894531,45977388,0.0,0.0
2026-07-16 00:00:00+05:30,52.599998474121094,52.689998626708984,51.880001068115234,51.970001220703125,45561488,0.0,0.0
2026-07-17 00:00:00+05:30,51.959999084472656,52.290000915527344,51.27000045776367,51.9900016784668,111362634,0.0,0.0
2026-07-20 00:00:00+05:30,52.06999969482422,53.290000915527344,51.61000061035156,53.09000015258789,51555144,0.0,0.0
2026-07-21 00:00:00+05:30,53.09000015258789,53.5,52.849998474121094,53.16999816894531,31019284,0.0,0.0
2026-07-22 00:00:00+05:30,53.15999984741211,53.70000076293945,52.33000183105469,53.0099983215332,55827250,0.0,0.0
2026-07-23 00:00:00+05:30,52.849998474121094,53.220001220703125,52.150001525878906,52.38999938964844,47311426,0.0,0.0
2026-07-24 00:00:00+05:30,52.25,52.58000183105469,51.790000915527344,52.279998779296875,45263052,0.0,0.0
2026-07-27 00:00:00+05:30,52.5,53.20000076293945,52.220001220703125,53.150001525878906,45205048,0.0,0.0
2026-07-28 00:00:00+05:30,53.150001525878906,53.20000076293945,47.84000015258789,48.02000045776367,224762106,0.0,0.0
2026-07-29 00:00:00+05:30,48.0,48.70000076293945,45.93000030517578,47.45000076293945,221723792,0.0,0.0
2026-07-30 00:00:00+05:30,47.5,47.880001068115234,46.220001220703125,47.400001525878906,116150327,0.0,0.0
2026-07-31 00:00:00+05:30,47.560001373291016,48.18000030517578,47.130001068115234,48.0099983215332,56655652,0.0,0.0
2026-08-03 00:00:00+05:30,48.20000076293945,49.29999923706055,48.08000183105469,48.099998474121094,55317614,0.0,0.0
2026-08-04 00:00:00+05:30,48.59000015258789,49.150001525878906,47.900001525878906,48.0099983215332,61548498,0.0,0.0
2026-08-05 00:00:00+05:30,48.5,48.84000015258789,47.900001525878906,48.150001525878906,39589104,0.0,0.0
2026-08-06 00:00:00+05:30,48.29999923706055,48.4900016784668,47.83000183105469,48.099998474121094,29846769,0.0,0.0
2026-08-07 00:00:00+05:30,48.09000015258789,48.9900016784668,47.95000076293945,48.150001525878906,52362545,0.0,0.0
2026-08-10 00:00:00+05:30,48.33000183105469,48.45000076293945,47.0,47.5,59333617,0.0,0.0
2026-08-11 00:00:00+05:30,47.59000015258789,47.709999084472656,47.099998474121094,47.5,37012060,0.0,0.0
2026-08-12 00:00:00+05:30,47.4900016784668,47.4900016784668,46.900001525878906,47.349998474121094,41760811,0.0,0.0
2026-08-13 00:00:00+05:30,47.290000915527344,47.61000061035156,47.119998931884766,47.61000061035156,24237589,0.0,0.0
2026-08-14 00:00:00+05:30,47.400001525878906,47.439998626708984,47.0,47.099998474121094,25913687,0.0,0.0
2026-08-17 00:00:00+05:30,47.099998474121094,49.31999969482422,46.900001525878906,49.0,80470340,0.0,0.0
2026-08-18 00:00:00+05:30,48.95000076293945,48.95000076293945,47.470001220703125,47.779998779296875,62318243,0.0,0.0
2026-08-19 00:00:00+05:30,47.70000076293945,47.7599983215332,46.70000076293945,46.77000045776367,47341396,0.0,0.0
2026-08-20 00:00:00+05:30,46.81999969482422,47.54999923706055,46.79999923706055,47.0,31120638,0.0,0.0
2026-08-21 00:00:00+05:30,47.099998474121094,47.34000015258789,46.599998474121094,46.709999084472656,32172432,0.0,0.0
2026-08-24 00:00:00+05:30,46.939998626708984,47.060001373291016,46.599998474121094,47.04999923706055,29089252,0.0,0.0
2026-08-25 00:00:00+05:30,47.060001373291016,47.15999984741211,46.25,46.75,47183588,0.0,0.0
2026-08-26 00:00:00+05:30,47.0,47.400001525878906,46.880001068115234,46.939998626708984,28238916,0.0,0.0
2026-08-27 00:00:00+05:30,47.0,47.38999938964844,46.790000915527344,46.84000015258789,8308496,0.0,0.0
